[489190910751]
min = 0.0
max = 101.6

[aggregate]
mean = 13.314135106097234
std = 45.740160301270926

[70213]
min = 0.0
max = 0.0

